7E-9
0.555555556
0.378957823
0.624084547
0.880741589
0.666666667
0.447761194
0.051282051
0.666666667
1.111111111
0.888888889
0.666666667
0.503703704
0.032974910
4.333333333
0.800000000
0.228855721
0.456140351
0.476190476
0.380952381
0.502232143
6.666666000
0.384615385
1.935483871
7E-9
0.555555556
0.378957823
0.624084547
0.880741589
0.666666667
0.447761194
0.051282051
0.666666667
1.111111111
0.888888889
0.666666667
0.503703704
0.032974910
4.333333333
0.800000000
0.228855721
0.456140351
0.476190476
0.380952381
0.502232143
6.666666000
0.384615385
1.935483871
